[Satellite]
VERSION=1.1
NAME=2015-049G
NICKNAME=2015-049G
TLE1=1 40905U 15049G   19317.82595133  .00000074  00000-0  75818-5 0  9999
TLE2=2 40905  97.4765 314.7448 0017053  53.3584  30.5308 15.14385855229291
STATUS=0
