[Satellite]
VERSION=1.1
NAME=2015-049G
NICKNAME=2015-049G
TLE1=1 40905U 15049G   20158.23741988  .00000425  00000-0  26548-4 0  9995
TLE2=2 40905  97.4843 156.7139 0017129  62.2491 353.5604 15.14553969260384
STATUS=0
