[Satellite]
VERSION=1.1
NAME=3CAT-2
NICKNAME=3CAT-2
TLE1=1 41732U 16051B   18021.19248336  .00000993  00000-0  41803-4 0  9999
TLE2=2 41732  97.3776 300.0209 0012173 219.1780 248.9970 15.25668733 79768
