[Satellite]
VERSION=1.1
NAME=1KUNS-PF
NICKNAME=1KUNS-PF
TLE1=1 43466U 98067NP  20157.84891228  .00909771  54738-3  60052-3 0  9999
TLE2=2 43466  51.6204 310.6785 0012427 304.9112  55.0736 16.16355134118673
STATUS=0
