[Satellite]
VERSION=1.1
NAME=1KUNS-PF
NICKNAME=1KUNS-PF
TLE1=1 43466U 98067NP  19317.38071919  .00033532  00000-0  24766-3 0  9996
TLE2=2 43466  51.6347 301.8409 0002599  51.9429 308.1804 15.72651297 86105
STATUS=0
