[Satellite]
VERSION=1.1
NAME=2019-072A
NICKNAME=2019-072A
TLE1=1 44703U 19072A   19317.84668803  .00002268  00000-0  10000-3 0  9993
TLE2=2 44703  97.4932  30.5617 0013054 228.8790 225.0958 15.22777588  1638
STATUS=0
