[Satellite]
VERSION=1.1
NAME=2019-073A
NICKNAME=2019-073A
TLE1=1 44709U 19073A   19309.39904418  .00130753  53028-6  68867-2 0  9994
TLE2=2 44709  28.5100 306.4642 7308494 180.0285 169.3086  2.28038828    22
STATUS=0
