[Satellite]
VERSION=1.1
NAME=2019-072D
NICKNAME=2019-072D
TLE1=1 44706U 19072D   19317.78271619  .00185483  00000-0  75524-2 0  9996
TLE2=2 44706  97.4911  30.5102 0014811 235.3489 251.2011 15.23579337  1619
STATUS=0
