[Satellite]
VERSION=1.1
NAME=2019-072B
NICKNAME=2019-072B
TLE1=1 44704U 19072B   19317.91466738  .00061288  00000-0  25373-2 0  9990
TLE2=2 44704  97.4926  30.6438 0016007 243.6624 249.2420 15.23583923  1637
STATUS=0
