[Satellite]
VERSION=1.1
NAME=2019-072F
NICKNAME=2019-072F
TLE1=1 44708U 19072F   19317.44001450 -.00000112  00000-0  00000+0 0  9995
TLE2=2 44708  97.3690  30.0511 0097848 310.8258 107.3332 15.43666802  1575
STATUS=0
