[Satellite]
VERSION=1.1
NAME=2019-072C
NICKNAME=2019-072C
TLE1=1 44705U 19072C   19317.90603979 -.00000073  00000-0  00000+0 0  9993
TLE2=2 44705  97.4853  30.6217 0014078 242.4719 207.0479 15.23620387  1632
STATUS=0
