[Satellite]
VERSION=1.1
NAME=2019-073B
NICKNAME=2019-073B
TLE1=1 44710U 19073B   19316.47763537  .00031094 -39030-6  30971-3 0  9990
TLE2=2 44710  28.4909 303.6499 7235995 183.8246 163.7341  2.39186222   196
STATUS=0
