[Satellite]
VERSION=1.1
NAME=2019-075A
NICKNAME=2019-075A
TLE1=1 44777U 19075A   19317.88020895 -.00031347  00000-0 -19847-2 0  9993
TLE2=2 44777  97.5397  22.6690 0010624 260.7357 212.4439 15.09030503   112
STATUS=0
