[Satellite]
VERSION=1.1
NAME=2019-075B
NICKNAME=2019-075B
TLE1=1 44778U 19075B   19317.89993858  .03304863  23464-5  37292-3 0  9999
TLE2=2 44778  97.5108  22.6137 0344134  23.2092 338.4299 15.64555013   104
STATUS=0
