[Satellite]
VERSION=1.1
NAME=2019-076A
NICKNAME=2019-076A
TLE1=1 44779U 19076A   19317.61123299 -.00000129  00000-0  00000+0 0  9990
TLE2=2 44779  45.0042 133.8315 0008345 243.6018 116.4029 14.00200301    55
STATUS=0
