[Satellite]
VERSION=1.1
NAME=2019-076D
NICKNAME=2019-076D
TLE1=1 44782U 19076D   19317.61114388 -.00000129  00000-0  00000+0 0  9993
TLE2=2 44782  45.0058 133.8112 0009637 268.6724  91.3081 14.00578855    58
STATUS=0
