[Satellite]
VERSION=1.1
NAME=2019-076B
NICKNAME=2019-076B
TLE1=1 44780U 19076B   19317.61121838 -.00000129  00000-0  00000+0 0  9999
TLE2=2 44780  45.0085 133.8204 0007843 253.8552 106.1285 14.00269677    50
STATUS=0
