[Satellite]
VERSION=1.1
NAME=2019-076E
NICKNAME=2019-076E
TLE1=1 44783U 19076E   19317.61108090 -.00000129  00000-0  00000+0 0  9997
TLE2=2 44783  45.0025 133.8098 0009467 276.4098  83.5504 14.00840215    53
STATUS=0
