[Satellite]
VERSION=1.1
NAME=2019-076F
NICKNAME=2019-076F
TLE1=1 44784U 19076F   19317.81881763 -.00000136  00000-0  00000+0 0  9993
TLE2=2 44784  45.0100 132.8209 0087315   4.8947 355.2848 14.17445605    80
STATUS=0
