[Satellite]
VERSION=1.1
NAME=2019-076C
NICKNAME=2019-076C
TLE1=1 44781U 19076C   19317.61118512 -.00000129  00000-0  00000+0 0  9995
TLE2=2 44781  44.9999 133.8165 0008642 262.4784  97.5219 14.00455351    56
STATUS=0
