[Satellite]
VERSION=1.1
NAME=2019-071M
NICKNAME=2019-071M
TLE1=1 45122U 19071M   20061.53521220  .00002747  00000-0  95667-4 0  9998
TLE2=2 45122  51.6428 164.6403 0010572 358.3420   1.7525 15.33240713  4458
STATUS=0
