[Satellite]
VERSION=1.1
NAME=2019-071P
NICKNAME=2019-071P
TLE1=1 45124U 19071P   20061.53464920  .00002605  00000-0  91250-4 0  9990
TLE2=2 45124  51.6432 164.6374 0010576 359.0346   1.0613 15.33268449  4436
STATUS=0
