[Satellite]
VERSION=1.1
NAME=2019-071R
NICKNAME=2019-071R
TLE1=1 45126U 19071R   20061.53289541  .00003477  00000-0  11752-3 0  9992
TLE2=2 45126  51.6428 164.6259 0010942   1.2538 358.8469 15.33372946  4464
STATUS=0
