[Satellite]
VERSION=1.1
NAME=2019-071Q
NICKNAME=2019-071Q
TLE1=1 45125U 19071Q   20061.53521417  .00000908  00000-0  39471-4 0  9997
TLE2=2 45125  51.6441 164.6401 0010536 359.6569   0.4404 15.33189933  4449
STATUS=0
