[Satellite]
VERSION=1.1
NAME=2019-071N
NICKNAME=2019-071N
TLE1=1 45123U 19071N   20061.53440202  .00001276  00000-0  50660-4 0  9999
TLE2=2 45123  51.6440 164.6349 0010453   0.4860 359.6130 15.33244839  4149
STATUS=0
