[Satellite]
VERSION=1.1
NAME=2019-071K
NICKNAME=2019-071K
TLE1=1 45120U 19071K   20061.53413728  .00002876  00000-0  99430-4 0  9994
TLE2=2 45120  51.6427 164.6328 0012123  26.9415 333.2194 15.33301788  4452
STATUS=0
