[Satellite]
VERSION=1.1
NAME=2020-014A
NICKNAME=2020-014A
TLE1=1 45249U 20014A   20078.80975127  .00001615  00000-0  57477-4 0  9994
TLE2=2 45249  35.0075 263.9788 0005581 190.4294 169.6308 15.28864161  4286
STATUS=0
