[Satellite]
VERSION=1.1
NAME=2020-014C
NICKNAME=2020-014C
TLE1=1 45251U 20014C   20078.80984996  .00001323  00000-0  47345-4 0  9990
TLE2=2 45251  35.0079 263.9800 0005821 196.1122 163.9410 15.28864094  4240
STATUS=0
