[Satellite]
VERSION=1.1
NAME=2020-014B
NICKNAME=2020-014B
TLE1=1 45250U 20014B   20078.80964328  .00001630  00000-0  58030-4 0  9990
TLE2=2 45250  35.0078 263.9788 0005699 197.2074 162.8450 15.28861366  4289
STATUS=0
