[Satellite]
VERSION=1.1
NAME=2020-014D
NICKNAME=2020-014D
TLE1=1 45252U 20014D   20078.80382377  .00002256  00000-0  78865-4 0  9993
TLE2=2 45252  35.0060 263.9289 0005481 196.1077 163.9466 15.29226487  4243
STATUS=0
