[Satellite]
VERSION=1.1
NAME=2020-014E
NICKNAME=2020-014E
TLE1=1 45253U 20014E   20078.80955046  .00001264  00000-0  45293-4 0  9990
TLE2=2 45253  35.0069 263.9769 0005512 198.5164 161.5353 15.28871727  4245
STATUS=0
