[Satellite]
VERSION=1.1
NAME=2020-034B
NICKNAME=2020-034B
TLE1=1 45625U 20034B   20158.21222635  .00000572  00000-0  26754-4 0  9992
TLE2=2 45625  97.2857 303.5649 0011336 243.8055 218.0573 15.23598275   871
STATUS=0
