[Satellite]
VERSION=1.1
NAME=2020-034A
NICKNAME=2020-034A
TLE1=1 45624U 20034A   20158.14451037  .00001068  00000-0  46586-4 0  9999
TLE2=2 45624  97.2853 303.5044 0011813 258.0790 205.8479 15.24240286   875
STATUS=0
